[gd_scene format=3 uid="uid://nsoeqnb1pho3"]

[ext_resource type="Script" uid="uid://dgefcx3yny0m4" path="res://city_game/assets/minigames/fishing/props/FishingPoleEquippedVisual.gd" id="1_equipped_script"]
[ext_resource type="PackedScene" uid="uid://vntyx1ctf04l" path="res://city_game/assets/minigames/fishing/props/FishingPoleVisual.tscn" id="2_pole_visual"]

[node name="FishingPoleEquippedVisual" type="Node3D" unique_id=938981801]
script = ExtResource("1_equipped_script")
cast_rotation_offset_deg = Vector3(-42, -98, 12)

[node name="LineHoldPoseAnchor" type="Node3D" parent="." unique_id=994546334]
transform = Transform3D(0.7312357, 0.65283614, -0.19773579, -0.5855289, 0.7494428, 0.309017, 0.3499291, -0.11018425, 0.9302737, -8.410124, 2.9363945, -0.025516607)

[node name="MountRoot" type="Node3D" parent="." unique_id=280995983]
transform = Transform3D(0.7954698, 0.5728249, -0.19773579, -0.5039832, 0.8065417, 0.309017, 0.33649477, -0.14615819, 0.9302737, 0.08, 0.04, -0.08)

[node name="Pole" parent="MountRoot" unique_id=1652159469 instance=ExtResource("2_pole_visual")]
transform = Transform3D(-0.30896187, -0.92251503, 0.2313192, 0.950726, -0.29299122, 0.101371646, -0.025742427, 0.251241, 0.9675821, 0, 0, 0)

[node name="LineOriginAnchor" type="Marker3D" parent="MountRoot/Pole" unique_id=691798741]
position = Vector3(-0.633428, 18.0, -0.258382)

[node name="TipAnchor" type="Marker3D" parent="MountRoot/Pole" unique_id=2022469624]
position = Vector3(-0.633428, 18.0, -0.258382)

[node name="LineOriginAnchor" type="Marker3D" parent="MountRoot" unique_id=691798741]
transform = Transform3D(0.9999993, -9.536743e-07, 3.2782555e-07, 4.3213367e-07, 0.99999976, -2.5331974e-07, -2.3841858e-07, 3.2782555e-07, 0.99999905, -8.44412, -2.6396844, 2.7201614)

[node name="TipAnchor" type="Marker3D" parent="MountRoot" unique_id=2022469624]
transform = Transform3D(0.99999946, -6.891787e-07, 2.0861626e-07, 2.0489097e-07, 0.9999998, -1.937151e-07, -2.3841858e-07, 2.2351742e-07, 0.99999917, -8.465862, -2.6249418, 2.7044723)
