[gd_scene format=3 uid="uid://iwp0ytoygilk"]

[ext_resource type="Script" uid="uid://dqlke563qpmli" path="res://city_game/serviceability/minigame_venues/generated/venue_v28_tennis_court_chunk_158_140/TennisOpponent.gd" id="1_opponent"]
[ext_resource type="PackedScene" uid="uid://cjaxmtefju8yq" path="res://city_game/assets/minigames/soccer/players/animated_human.glb" id="2_player_model"]
[ext_resource type="Script" uid="uid://csa2maaghc7yv" path="res://city_game/world/minigames/TennisRacketVisualRig.gd" id="3_racket_rig"]
[ext_resource type="PackedScene" uid="uid://co762wihbgpb5" path="res://city_game/assets/minigames/tennis/props/TennisRacket.glb" id="4_racket_visual"]

[sub_resource type="StandardMaterial3D" id="StandardMaterial3D_b0s2j"]
albedo_color = Color(0.18, 0.56, 0.38, 1)
metallic = 0.02
roughness = 0.92
emission_enabled = true
emission = Color(0.014400001, 0.0448, 0.030399999, 0.08)
emission_energy_multiplier = 0.32

[node name="TennisOpponent" type="Node3D" unique_id=550688742]
transform = Transform3D(-1, 0, -8.742278e-08, 0, 1, 0, 8.742278e-08, 0, -1, 0, 0, 0)
script = ExtResource("1_opponent")

[node name="Visual" parent="." unique_id=1922238992 instance=ExtResource("2_player_model")]

[node name="Skeleton3D" parent="Visual/RootNode/Human Armature" parent_id_path=PackedInt32Array(1922238992, 359526483) index="0" unique_id=679124531]
bones/0/position = Vector3(-0.0005151801, 0.03806242, 0.00025659)
bones/0/rotation = Quaternion(-0.03630282, -0.36805362, -0.013658718, 0.92899525)
bones/1/rotation = Quaternion(0.019925183, 0.041560214, -0.0069045033, 0.99891347)
bones/2/rotation = Quaternion(0.100643195, 0.0820846, -0.013584063, 0.9914376)
bones/3/rotation = Quaternion(0.100643195, 0.08208462, -0.013584054, 0.9914376)
bones/4/rotation = Quaternion(0.039040364, -0.010996784, 0.002388279, 0.9991743)
bones/5/rotation = Quaternion(-0.05442003, 0.17502098, -0.029187456, 0.9826262)
bones/7/rotation = Quaternion(-0.5867784, -0.40616494, 0.5861319, -0.3836284)
bones/8/rotation = Quaternion(0.41742498, -0.10485211, 0.03852597, 0.90181935)
bones/9/rotation = Quaternion(0.01081666, 0.056765288, 0.40503666, 0.9124726)
bones/10/rotation = Quaternion(-0.15736572, 0.12520333, 0.026695449, 0.97920763)
bones/11/rotation = Quaternion(0.25772434, 0.29721993, 0.22300513, 0.89191216)
bones/12/rotation = Quaternion(-0.0072662504, -0.19847918, -0.00161264, 0.98007685)
bones/15/rotation = Quaternion(0.033841774, -0.0008693773, 0.05811067, 0.997736)
bones/16/rotation = Quaternion(0.141659, -0.006598643, -0.019146461, 0.98970836)
bones/19/rotation = Quaternion(0.6415135, -0.3608384, 0.5458633, 0.40036145)
bones/20/rotation = Quaternion(0.37119392, 0.1160942, 0.19726491, 0.8999021)
bones/21/rotation = Quaternion(0.06401532, 0.030219503, -0.3566016, 0.93157077)
bones/22/rotation = Quaternion(0.11243664, -0.07174973, -0.0958192, 0.9864222)
bones/23/rotation = Quaternion(0.1675802, -0.15555143, -0.2551182, 0.93948674)
bones/24/rotation = Quaternion(0.029055491, 0.19923338, 0.1808669, 0.9626781)
bones/27/rotation = Quaternion(0.038293276, -0.0019902766, 0.011294282, 0.99920076)
bones/28/rotation = Quaternion(0.14716168, -0.0055100094, 0.011457381, 0.9890308)
bones/31/rotation = Quaternion(0.079188116, 0.2239074, 0.9653222, -0.10838702)
bones/32/rotation = Quaternion(-0.33039194, 0.118151985, -0.044866405, 0.935344)
bones/33/rotation = Quaternion(0.62316597, 0.004535799, -0.057459127, 0.77996284)
bones/34/rotation = Quaternion(0.2121943, 0.014222187, -0.025734963, 0.976785)
bones/36/rotation = Quaternion(-0.12376111, 0.035121344, 0.9828165, 0.1323685)
bones/37/rotation = Quaternion(-0.3300312, 0.07503959, -0.013197977, 0.94089013)
bones/38/rotation = Quaternion(0.7261451, 0.04221437, 0.12046934, 0.6755875)
bones/39/rotation = Quaternion(0.20351918, 0.002756241, -0.0011679141, 0.9790664)

[node name="HeadTop_End" parent="Visual/RootNode/Human Armature/Skeleton3D" index="0" unique_id=155356485]
transform = Transform3D(0.9979585, -0.063851476, 8.7021384e-05, 0.061999075, 0.9686797, -0.24045107, 0.015267251, 0.23996586, 0.9706616, -0.0022422404, 0.07527149, 0.008666666)

[node name="LeftHandThumb4" parent="Visual/RootNode/Human Armature/Skeleton3D" index="1" unique_id=1659361259]
transform = Transform3D(0.6514193, -0.65257233, -0.38704216, -0.7559934, -0.5150702, -0.40395087, 0.064251035, 0.5557446, -0.82886636, 0.010048549, 0.031756595, 0.015662778)

[node name="LeftHandIndex4" parent="Visual/RootNode/Human Armature/Skeleton3D" index="2" unique_id=640449783]
transform = Transform3D(0.7214856, -0.054647394, -0.690268, -0.47272274, -0.7672909, -0.43335524, -0.5059574, 0.63896555, -0.5794222, 0.013504912, 0.029718362, 0.017576171)

[node name="RightHandThumb4" parent="Visual/RootNode/Human Armature/Skeleton3D" index="3" unique_id=2044364266]
transform = Transform3D(-0.1567258, 0.10556116, 0.9819835, 0.6509037, -0.736754, 0.183085, 0.7428063, 0.667871, 0.04675603, -0.01565633, 0.031039108, -0.0040012724)

[node name="RightHandIndex4" parent="Visual/RootNode/Human Armature/Skeleton3D" index="4" unique_id=755432625]
transform = Transform3D(-0.21921644, 0.12011455, 0.9682528, 0.2807006, -0.94267154, 0.18049318, 0.9344257, 0.31135595, 0.17293109, -0.016448213, 0.027261667, -0.0059142113)

[node name="LeftToe_End" parent="Visual/RootNode/Human Armature/Skeleton3D" index="5" unique_id=609999366]
transform = Transform3D(-0.61503255, -0.7883832, 0.0040933876, -0.03973293, 0.036206435, 0.99855244, -0.78734237, 0.6141112, -0.053637076, -0.003985691, 0.00015783298, 0.017339095)

[node name="RightToe_End" parent="Visual/RootNode/Human Armature/Skeleton3D" index="6" unique_id=1440467234]
transform = Transform3D(-0.37830156, -0.92514396, 0.030954726, 0.017762613, 0.026173556, 0.9994978, -0.9254772, 0.3786782, 0.0065437877, -0.011156881, 9.962584e-05, -0.0079772)

[node name="Human_Mesh" parent="Visual/RootNode/Human Armature/Skeleton3D" index="7" unique_id=251985142]
material_override = SubResource("StandardMaterial3D_b0s2j")

[node name="TennisRacketHandAnchor" type="BoneAttachment3D" parent="Visual/RootNode/Human Armature/Skeleton3D" index="8" unique_id=867330101]
transform = Transform3D(-0.22288239, -0.250143, 0.9422052, 0.32597095, -0.9300079, -0.16979408, 0.91873085, 0.26928777, 0.28881988, -0.015467988, 0.035503697, -0.008399018)
bone_name = "RightHand"
bone_idx = 22

[node name="TennisRacketSocket" type="Node3D" parent="Visual/RootNode/Human Armature/Skeleton3D/TennisRacketHandAnchor" unique_id=841361680]

[node name="TennisRacketVisual" type="Node3D" parent="Visual/RootNode/Human Armature/Skeleton3D/TennisRacketHandAnchor/TennisRacketSocket" unique_id=1569239579]
transform = Transform3D(3.0200033e-06, 0, 0, 0, 3.0199944e-06, 0, 0, 0, 3.0200133e-06, 0, 0, 0)
script = ExtResource("3_racket_rig")

[node name="MountRoot" type="Node3D" parent="Visual/RootNode/Human Armature/Skeleton3D/TennisRacketHandAnchor/TennisRacketSocket/TennisRacketVisual" unique_id=1676635086]
transform = Transform3D(-0.3779577, 0.1461519, 0.9142142, -0.41691574, 0.854804, -0.309017, -0.8266373, -0.49794567, -0.2621467, 0, 0, 0)

[node name="Visual" parent="Visual/RootNode/Human Armature/Skeleton3D/TennisRacketHandAnchor/TennisRacketSocket/TennisRacketVisual/MountRoot" unique_id=1388771080 instance=ExtResource("4_racket_visual")]
transform = Transform3D(24.33851, 17.229048, 3.2856016, -15.468467, 23.733797, -9.870868, -8.268203, 6.31394, 28.138409, -861.7207, -294.69336, 6156.908)

[node name="SwingAudio" type="AudioStreamPlayer3D" parent="Visual/RootNode/Human Armature/Skeleton3D/TennisRacketHandAnchor/TennisRacketSocket/TennisRacketVisual" unique_id=1210599251]
volume_db = -10.0
unit_size = 5.0
max_distance = 220.0

[editable path="Visual"]
